32
33
34
35
36
37
38
39
40
41
42
43
44
45
46
47
48
49
50
51
52
53
54
55
56
57
58
59
60
61
62
63
64
65
66
67
68
69
70
71
72
73
74
75
76
77
78
79
80
81
82
83
84
85
86
87
88
89
90
91
92
93
94
95
96
97
98
99
100
101
102
103
104
105
106
107
108
109
110
111
112
113
114
115
116
117
118
119
120
121
122
123
124
125
126
161
162
163
165
169
174
177
180
186
191
215
247
1575
1576
1578
1581
1582
1583
1584
1585
1586
1588
1589
1590
1601
1604
1605
1606
1607
1608
1662
1705
1740
8221
8226
8364
64342
64343
64344
64345
64398
64399
64400
64401
64508
64509
64510
64511
64518
64519
64520
64524
64525
64526
64536
64538
64539
64544
64545
64547
64548
64549
64558
64559
64560
64576
64577
64578
64582
64583
64584
64588
64589
64590
64594
64618
64619
64620
64621
64624
64625
64626
64627
64645
64648
64649
64650
64651
64652
64653
64669
64670
64671
64672
64674
64675
64676
64677
64682
64684
64689
64690
64691
64693
64694
64695
64703
64704
64705
64714
64715
64716
64717
64719
64720
64721
64723
64724
64725
64726
64728
64737
64738
64739
64740
64745
64746
64749
64750
64751
64778
64779
64780
64781
64783
64784
64806
64807
64808
64809
64811
64812
64814
64815
64816
64818
64824
64825
64851
64852
64854
64855
64868
64869
64870
64871
64872
64874
64875
64876
64877
64879
64880
64892
64893
64896
64901
64902
64903
64904
64906
64911
64916
64917
64949
64965
65010
65012
65020
65165
65166
65167
65168
65169
65170
65173
65174
65175
65176
65185
65186
65187
65188
65189
65190
65191
65192
65193
65194
65195
65196
65197
65198
65199
65200
65205
65206
65207
65208
65209
65210
65211
65212
65213
65214
65215
65216
65233
65234
65235
65236
65245
65246
65247
65248
65249
65250
65251
65252
65253
65254
65255
65256
65257
65258
65259
65260
65261
65262
65275
65276