32
33
34
35
36
37
38
39
40
41
42
43
44
45
46
47
48
49
50
52
53
54
55
56
57
58
59
60
61
62
63
64
65
66
67
69
70
78
84
91
92
93
94
95
96
101
116
119
120
123
124
125
126
161
162
163
165
169
174
177
180
186
191
215
247
1575
1576
1578
1580
1582
1583
1585
1586
1587
1588
1589
1592
1593
1601
1602
1604
1605
1606
1607
1608
1662
1670
1705
1740
8221
8226
8364
64342
64343
64344
64345
64378
64379
64380
64381
64398
64399
64400
64401
64508
64509
64510
64511
64517
64519
64520
64523
64525
64526
64534
64537
64539
64540
64542
64543
64545
64552
64553
64554
64557
64559
64560
64564
64575
64577
64578
64581
64583
64584
64587
64589
64590
64593
64594
64618
64619
64620
64621
64624
64625
64626
64627
64645
64648
64649
64650
64651
64652
64653
64668
64670
64671
64672
64673
64675
64676
64677
64680
64683
64684
64685
64687
64688
64690
64691
64697
64698
64699
64702
64704
64705
64707
64713
64715
64716
64717
64718
64720
64721
64722
64724
64725
64726
64727
64728
64737
64738
64739
64740
64743
64744
64745
64746
64749
64750
64751
64777
64779
64780
64781
64782
64783
64805
64807
64808
64809
64810
64811
64813
64815
64816
64817
64818
64820
64822
64823
64825
64827
64848
64852
64853
64855
64865
64866
64867
64870
64874
64875
64876
64877
64885
64886
64887
64892
64893
64895
64899
64900
64901
64902
64909
64910
64911
64914
64915
64916
64919
64920
64954
64956
64964
64965
65010
65013
65014
65016
65020
65165
65166
65167
65168
65169
65170
65173
65174
65175
65176
65181
65182
65183
65184
65189
65190
65191
65192
65193
65194
65197
65198
65199
65200
65201
65202
65203
65204
65205
65206
65207
65208
65209
65210
65211
65212
65221
65222
65223
65224
65225
65226
65227
65228
65233
65234
65235
65236
65237
65238
65239
65240
65245
65246
65247
65248
65249
65250
65251
65252
65253
65254
65255
65256
65257
65258
65259
65260
65261
65262
65275
65276