32
33
34
35
36
37
38
39
40
41
42
43
44
45
46
47
48
49
50
51
52
53
54
55
56
57
58
59
60
61
62
63
64
65
66
67
68
69
70
91
92
93
94
95
96
123
124
125
126
161
162
163
165
169
174
177
180
186
191
215
247
1575
1576
1578
1580
1583
1585
1587
1588
1593
1605
1606
1607
1608
1662
1670
1705
1740
8221
8226
8364
64342
64343
64344
64345
64378
64379
64380
64381
64398
64399
64400
64401
64508
64509
64510
64511
64517
64520
64523
64526
64534
64540
64543
64553
64554
64581
64584
64587
64590
64593
64594
64618
64620
64621
64624
64626
64627
64648
64649
64650
64652
64653
64668
64671
64672
64673
64676
64677
64680
64685
64688
64698
64699
64718
64721
64722
64725
64726
64727
64728
64737
64738
64739
64740
64743
64744
64745
64746
64750
64751
64777
64780
64781
64782
64805
64808
64809
64810
64813
64816
64817
64818
64820
64823
64848
64853
64865
64866
64867
64876
64877
64885
64886
64887
64909
64915
64916
64919
64920
64964
65165
65166
65167
65168
65169
65170
65173
65174
65175
65176
65181
65182
65183
65184
65193
65194
65197
65198
65201
65202
65203
65204
65205
65206
65207
65208
65225
65226
65227
65228
65249
65250
65251
65252
65253
65254
65255
65256
65257
65258
65259
65260
65261
65262