32
45
47
48
49
50
51
52
53
54
55
56
57
58
63
65
66
67
68
69
70
1570
1575
1576
1578
1581
1582
1583
1585
1588
1589
1591
1604
1605
1606
1608
1662
1711
1740
64342
64343
64344
64345
64402
64403
64404
64405
64508
64509
64510
64511
64518
64519
64520
64524
64525
64526
64536
64538
64539
64544
64545
64550
64551
64576
64577
64578
64582
64583
64584
64588
64589
64590
64618
64620
64621
64624
64626
64627
64645
64648
64649
64650
64652
64653
64669
64670
64671
64674
64675
64676
64682
64684
64689
64690
64691
64696
64714
64715
64716
64719
64720
64721
64723
64724
64725
64737
64739
64745
64749
64750
64778
64779
64780
64781
64783
64806
64807
64808
64809
64811
64814
64815
64816
64819
64824
64825
64826
64851
64852
64854
64855
64868
64869
64870
64871
64872
64874
64875
64876
64877
64881
64882
64883
64896
64901
64902
64903
64904
64906
64911
64917
64949
64965
65012
65020
65153
65154
65165
65166
65167
65168
65169
65170
65173
65174
65175
65176
65185
65186
65187
65188
65189
65190
65191
65192
65193
65194
65197
65198
65205
65206
65207
65208
65209
65210
65211
65212
65217
65218
65219
65220
65245
65246
65247
65248
65249
65250
65251
65252
65253
65254
65255
65256
65261
65262
65269
65270
65275
65276