10
32
45
47
48
49
50
52
53
54
55
56
57
58
63
64
65
66
67
69
70
1575
1581
1582
1583
1585
1588
1591
1605
1606
1608
1662
1711
1740
64342
64343
64344
64345
64402
64403
64404
64405
64508
64509
64510
64511
64536
64538
64539
64550
64551
64582
64583
64584
64588
64589
64590
64648
64649
64650
64652
64653
64682
64684
64696
64719
64720
64721
64723
64724
64725
64745
64750
64778
64779
64780
64781
64806
64807
64808
64809
64814
64815
64816
64819
64824
64825
64826
64871
64872
64874
64875
64876
64877
64881
64882
64883
64906
64911
64917
65012
65165
65166
65185
65186
65187
65188
65189
65190
65191
65192
65193
65194
65197
65198
65205
65206
65207
65208
65217
65218
65219
65220
65249
65250
65251
65252
65253
65254
65255
65256
65261
65262